# 16O_NNLOsat_PRC101_014318.dat from vittorio.soma@cea.fr 
# r[fm] rho_matter rho_proton rho_neutron rho_charge[fm-3]
0.00 0.14259173 0.07039435 0.07219738 0.07379833 
0.01 0.14259567 0.07039629 0.07219937 0.07379833 
0.02 0.14260748 0.07040212 0.07220535 0.07380172 
0.03 0.14262716 0.07041184 0.07221532 0.07380736 
0.04 0.14265469 0.07042543 0.07222926 0.07381525 
0.05 0.14269005 0.07044288 0.07224717 0.07382539 
0.06 0.14273323 0.07046419 0.07226903 0.07383776 
0.07 0.14278418 0.07048934 0.07229484 0.07385236 
0.08 0.14284288 0.07051832 0.07232456 0.07386917 
0.09 0.14290928 0.07055109 0.07235819 0.07388819 
0.10 0.14298334 0.07058765 0.07239569 0.07390939 
0.11 0.14306501 0.07062796 0.07243705 0.07393276 
0.12 0.14315422 0.07067200 0.07248222 0.07395828 
0.13 0.14325093 0.07071974 0.07253119 0.07398594 
0.14 0.14335506 0.07077114 0.07258392 0.07401570 
0.15 0.14346654 0.07082617 0.07264037 0.07404755 
0.16 0.14358529 0.07088479 0.07270050 0.07408145 
0.17 0.14371124 0.07094697 0.07276427 0.07411740 
0.18 0.14384429 0.07101265 0.07283164 0.07415534 
0.19 0.14398435 0.07108180 0.07290255 0.07419526 
0.20 0.14413134 0.07115436 0.07297697 0.07423712 
0.21 0.14428514 0.07123030 0.07305484 0.07428089 
0.22 0.14444565 0.07130954 0.07313610 0.07432653 
0.23 0.14461276 0.07139205 0.07322071 0.07437401 
0.24 0.14478635 0.07147776 0.07330859 0.07442329 
0.25 0.14496631 0.07156662 0.07339969 0.07447433 
0.26 0.14515251 0.07165856 0.07349395 0.07452709 
0.27 0.14534483 0.07175353 0.07359130 0.07458153 
0.28 0.14554313 0.07185145 0.07369168 0.07463760 
0.29 0.14574727 0.07195226 0.07379501 0.07469525 
0.30 0.14595712 0.07205590 0.07390123 0.07475445 
0.31 0.14617254 0.07216228 0.07401025 0.07481514 
0.32 0.14639336 0.07227135 0.07412201 0.07487728 
0.33 0.14661945 0.07238301 0.07423643 0.07494081 
0.34 0.14685064 0.07249721 0.07435343 0.07500568 
0.35 0.14708678 0.07261385 0.07447292 0.07507184 
0.36 0.14732770 0.07273287 0.07459484 0.07513924 
0.37 0.14757325 0.07285417 0.07471908 0.07520781 
0.38 0.14782325 0.07297768 0.07484557 0.07527751 
0.39 0.14807753 0.07310332 0.07497421 0.07534828 
0.40 0.14833591 0.07323098 0.07510493 0.07542006 
0.41 0.14859822 0.07336060 0.07523762 0.07549279 
0.42 0.14886429 0.07349208 0.07537220 0.07556640 
0.43 0.14913391 0.07362533 0.07550858 0.07564085 
0.44 0.14940692 0.07376026 0.07564665 0.07571606 
0.45 0.14968312 0.07389679 0.07578633 0.07579198 
0.46 0.14996233 0.07403480 0.07592752 0.07586853 
0.47 0.15024434 0.07417422 0.07607012 0.07594566 
0.48 0.15052898 0.07431495 0.07621403 0.07602331 
0.49 0.15081604 0.07445688 0.07635915 0.07610139 
0.50 0.15110532 0.07459993 0.07650539 0.07617986 
0.51 0.15139663 0.07474400 0.07665263 0.07625864 
0.52 0.15168976 0.07488898 0.07680078 0.07633766 
0.53 0.15198452 0.07503479 0.07694974 0.07641686 
0.54 0.15228071 0.07518131 0.07709940 0.07649617 
0.55 0.15257810 0.07532845 0.07724965 0.07657551 
0.56 0.15287651 0.07547611 0.07740040 0.07665482 
0.57 0.15317573 0.07562419 0.07755154 0.07673404 
0.58 0.15347554 0.07577259 0.07770295 0.07681308 
0.59 0.15377575 0.07592120 0.07785455 0.07689188 
0.60 0.15407614 0.07606992 0.07800622 0.07697037 
0.61 0.15437650 0.07621866 0.07815785 0.07704848 
0.62 0.15467663 0.07636730 0.07830934 0.07712613 
0.63 0.15497632 0.07651574 0.07846058 0.07720326 
0.64 0.15527536 0.07666390 0.07861146 0.07727979 
0.65 0.15557353 0.07681165 0.07876189 0.07735565 
0.66 0.15587064 0.07695890 0.07891174 0.07743078 
0.67 0.15616647 0.07710554 0.07906093 0.07750509 
0.68 0.15646081 0.07725149 0.07920933 0.07757853 
0.69 0.15675346 0.07739662 0.07935684 0.07765101 
0.70 0.15704422 0.07754084 0.07950337 0.07772247 
0.71 0.15733286 0.07768406 0.07964880 0.07779283 
0.72 0.15761919 0.07782617 0.07979303 0.07786203 
0.73 0.15790301 0.07796706 0.07993595 0.07792999 
0.74 0.15818411 0.07810665 0.08007747 0.07799664 
0.75 0.15846229 0.07824482 0.08021747 0.07806192 
0.76 0.15873735 0.07838149 0.08035586 0.07812575 
0.77 0.15900908 0.07851655 0.08049253 0.07818807 
0.78 0.15927730 0.07864991 0.08062738 0.07824881 
0.79 0.15954179 0.07878147 0.08076032 0.07830789 
0.80 0.15980238 0.07891114 0.08089124 0.07836526 
0.81 0.16005886 0.07903881 0.08102005 0.07842083 
0.82 0.16031105 0.07916441 0.08114664 0.07847456 
0.83 0.16055874 0.07928782 0.08127092 0.07852636 
0.84 0.16080177 0.07940897 0.08139280 0.07857618 
0.85 0.16103993 0.07952776 0.08151217 0.07862394 
0.86 0.16127305 0.07964410 0.08162896 0.07866959 
0.87 0.16150095 0.07975789 0.08174305 0.07871306 
0.88 0.16172344 0.07986907 0.08185437 0.07875429 
0.89 0.16194035 0.07997753 0.08196282 0.07879322 
0.90 0.16215151 0.08008318 0.08206832 0.07882978 
0.91 0.16235673 0.08018596 0.08217077 0.07886391 
0.92 0.16255586 0.08028577 0.08227009 0.07889555 
0.93 0.16274873 0.08038253 0.08236620 0.07892465 
0.94 0.16293517 0.08047616 0.08245901 0.07895115 
0.95 0.16311502 0.08056659 0.08254843 0.07897498 
0.96 0.16328812 0.08065373 0.08263440 0.07899610 
0.97 0.16345432 0.08073750 0.08271682 0.07901444 
0.98 0.16361346 0.08081784 0.08279563 0.07902996 
0.99 0.16376540 0.08089466 0.08287073 0.07904259 
1.00 0.16390998 0.08096790 0.08294207 0.07905228 
1.01 0.16404706 0.08103749 0.08300957 0.07905900 
1.02 0.16417650 0.08110335 0.08307315 0.07906267 
1.03 0.16429816 0.08116542 0.08313275 0.07906326 
1.04 0.16441192 0.08122363 0.08318829 0.07906071 
1.05 0.16451763 0.08127792 0.08323971 0.07905498 
1.06 0.16461516 0.08132822 0.08328695 0.07904602 
1.07 0.16470440 0.08137447 0.08332994 0.07903379 
1.08 0.16478522 0.08141661 0.08336861 0.07901824 
1.09 0.16485751 0.08145459 0.08340292 0.07899933 
1.10 0.16492114 0.08148834 0.08343279 0.07897701 
1.11 0.16497600 0.08151782 0.08345818 0.07895125 
1.12 0.16502199 0.08154296 0.08347903 0.07892200 
1.13 0.16505900 0.08156371 0.08349529 0.07888924 
1.14 0.16508693 0.08158003 0.08350690 0.07885291 
1.15 0.16510569 0.08159187 0.08351381 0.07881299 
1.16 0.16511516 0.08159918 0.08351598 0.07876944 
1.17 0.16511528 0.08160191 0.08351337 0.07872222 
1.18 0.16510594 0.08160002 0.08350592 0.07867131 
1.19 0.16508706 0.08159347 0.08349359 0.07861666 
1.20 0.16505857 0.08158222 0.08347635 0.07855826 
1.21 0.16502037 0.08156623 0.08345415 0.07849608 
1.22 0.16497241 0.08154546 0.08342696 0.07843008 
1.23 0.16491461 0.08151987 0.08339474 0.07836024 
1.24 0.16484690 0.08148944 0.08335746 0.07828653 
1.25 0.16476922 0.08145414 0.08331508 0.07820894 
1.26 0.16468151 0.08141392 0.08326759 0.07812744 
1.27 0.16458371 0.08136877 0.08321494 0.07804200 
1.28 0.16447577 0.08131866 0.08315712 0.07795261 
1.29 0.16435765 0.08126355 0.08309409 0.07785925 
1.30 0.16422928 0.08120344 0.08302584 0.07776190 
1.31 0.16409064 0.08113829 0.08295235 0.07766055 
1.32 0.16394169 0.08106809 0.08287360 0.07755518 
1.33 0.16378238 0.08099282 0.08278956 0.07744577 
1.34 0.16361268 0.08091246 0.08270023 0.07733232 
1.35 0.16343258 0.08082699 0.08260558 0.07721482 
1.36 0.16324204 0.08073642 0.08250562 0.07709324 
1.37 0.16304103 0.08064071 0.08240032 0.07696760 
1.38 0.16282955 0.08053987 0.08228969 0.07683787 
1.39 0.16260758 0.08043388 0.08217371 0.07670406 
1.40 0.16237511 0.08032273 0.08205237 0.07656616 
1.41 0.16213212 0.08020643 0.08192569 0.07642416 
1.42 0.16187862 0.08008497 0.08179364 0.07627806 
1.43 0.16161460 0.07995835 0.08165625 0.07612786 
1.44 0.16134006 0.07982656 0.08151350 0.07597357 
1.45 0.16105501 0.07968962 0.08136540 0.07581518 
1.46 0.16075946 0.07954751 0.08121195 0.07565270 
1.47 0.16045342 0.07940025 0.08105317 0.07548613 
1.48 0.16013691 0.07924784 0.08088906 0.07531548 
1.49 0.15980994 0.07909030 0.08071964 0.07514075 
1.50 0.15947253 0.07892762 0.08054491 0.07496195 
1.51 0.15912471 0.07875982 0.08036489 0.07477908 
1.52 0.15876651 0.07858692 0.08017959 0.07459217 
1.53 0.15839795 0.07840892 0.07998903 0.07440122 
1.54 0.15801908 0.07822584 0.07979324 0.07420625 
1.55 0.15762992 0.07803770 0.07959222 0.07400726 
1.56 0.15723053 0.07784452 0.07938600 0.07380427 
1.57 0.15682093 0.07764632 0.07917461 0.07359730 
1.58 0.15640118 0.07744311 0.07895807 0.07338637 
1.59 0.15597133 0.07723493 0.07873640 0.07317149 
1.60 0.15553142 0.07702179 0.07850964 0.07295268 
1.61 0.15508152 0.07680372 0.07827780 0.07272997 
1.62 0.15462168 0.07658074 0.07804093 0.07250337 
1.63 0.15415195 0.07635290 0.07779906 0.07227291 
1.64 0.15367241 0.07612020 0.07755221 0.07203861 
1.65 0.15318312 0.07588270 0.07730042 0.07180050 
1.66 0.15268415 0.07564041 0.07704374 0.07155860 
1.67 0.15217556 0.07539337 0.07678219 0.07131294 
1.68 0.15165744 0.07514162 0.07651582 0.07106355 
1.69 0.15112986 0.07488520 0.07624466 0.07081045 
1.70 0.15059289 0.07462413 0.07596876 0.07055368 
1.71 0.15004663 0.07435846 0.07568816 0.07029327 
1.72 0.14949115 0.07408824 0.07540291 0.07002925 
1.73 0.14892654 0.07381349 0.07511305 0.06976165 
1.74 0.14835289 0.07353427 0.07481862 0.06949051 
1.75 0.14777029 0.07325061 0.07451968 0.06921586 
1.76 0.14717883 0.07296256 0.07421627 0.06893774 
1.77 0.14657862 0.07267017 0.07390845 0.06865618 
1.78 0.14596975 0.07237349 0.07359626 0.06837123 
1.79 0.14535231 0.07207256 0.07327976 0.06808291 
1.80 0.14472642 0.07176742 0.07295900 0.06779127 
1.81 0.14409218 0.07145814 0.07263403 0.06749636 
1.82 0.14344969 0.07114477 0.07230492 0.06719820 
1.83 0.14279907 0.07082735 0.07197172 0.06689685 
1.84 0.14214042 0.07050594 0.07163448 0.06659234 
1.85 0.14147386 0.07018059 0.07129327 0.06628472 
1.86 0.14079950 0.06985136 0.07094814 0.06597404 
1.87 0.14011746 0.06951830 0.07059916 0.06566033 
1.88 0.13942787 0.06918148 0.07024639 0.06534365 
1.89 0.13873083 0.06884095 0.06988988 0.06502404 
1.90 0.13802648 0.06849677 0.06952971 0.06470155 
1.91 0.13731493 0.06814899 0.06916594 0.06437622 
1.92 0.13659632 0.06779769 0.06879863 0.06404810 
1.93 0.13587076 0.06744292 0.06842784 0.06371725 
1.94 0.13513840 0.06708474 0.06805365 0.06338371 
1.95 0.13439935 0.06672323 0.06767613 0.06304754 
1.96 0.13365376 0.06635843 0.06729533 0.06270878 
1.97 0.13290175 0.06599042 0.06691133 0.06236748 
1.98 0.13214346 0.06561926 0.06652420 0.06202370 
1.99 0.13137903 0.06524502 0.06613401 0.06167750 
2.00 0.13060859 0.06486776 0.06574083 0.06132892 
2.01 0.12983229 0.06448755 0.06534473 0.06097801 
2.02 0.12905025 0.06410447 0.06494579 0.06062484 
2.03 0.12826263 0.06371857 0.06454407 0.06026945 
2.04 0.12746957 0.06332993 0.06413964 0.05991190 
2.05 0.12667121 0.06293861 0.06373259 0.05955225 
2.06 0.12586769 0.06254470 0.06332299 0.05919056 
2.07 0.12505915 0.06214825 0.06291090 0.05882687 
2.08 0.12424575 0.06174934 0.06249641 0.05846125 
2.09 0.12342764 0.06134804 0.06207959 0.05809375 
2.10 0.12260495 0.06094443 0.06166052 0.05772443 
2.11 0.12177784 0.06053857 0.06123927 0.05735335 
2.12 0.12094645 0.06013054 0.06081591 0.05698056 
2.13 0.12011094 0.05972041 0.06039053 0.05660612 
2.14 0.11927145 0.05930825 0.05996320 0.05623010 
2.15 0.11842814 0.05889414 0.05953400 0.05585255 
2.16 0.11758116 0.05847816 0.05910301 0.05547353 
2.17 0.11673066 0.05806037 0.05867029 0.05509309 
2.18 0.11587678 0.05764085 0.05823594 0.05471130 
2.19 0.11501969 0.05721967 0.05780002 0.05432822 
2.20 0.11415954 0.05679692 0.05736262 0.05394390 
2.21 0.11329647 0.05637266 0.05692381 0.05355841 
2.22 0.11243064 0.05594697 0.05648367 0.05317180 
2.23 0.11156220 0.05551992 0.05604228 0.05278414 
2.24 0.11069131 0.05509160 0.05559971 0.05239548 
2.25 0.10981811 0.05466207 0.05515605 0.05200588 
2.26 0.10894277 0.05423141 0.05471136 0.05161541 
2.27 0.10806543 0.05379969 0.05426574 0.05122412 
2.28 0.10718624 0.05336699 0.05381925 0.05083207 
2.29 0.10630536 0.05293339 0.05337197 0.05043932 
2.30 0.10542293 0.05249895 0.05292398 0.05004593 
2.31 0.10453912 0.05206376 0.05247535 0.04965197 
2.32 0.10365407 0.05162789 0.05202617 0.04925748 
2.33 0.10276792 0.05119141 0.05157651 0.04886253 
2.34 0.10188084 0.05075440 0.05112644 0.04846718 
2.35 0.10099296 0.05031692 0.05067604 0.04807148 
2.36 0.10010445 0.04987906 0.05022539 0.04767550 
2.37 0.09921544 0.04944089 0.04977455 0.04727929 
2.38 0.09832608 0.04900247 0.04932361 0.04688290 
2.39 0.09743652 0.04856389 0.04887263 0.04648641 
2.40 0.09654691 0.04812521 0.04842170 0.04608986 
2.41 0.09565738 0.04768650 0.04797088 0.04569332 
2.42 0.09476809 0.04724784 0.04752025 0.04529683 
2.43 0.09387918 0.04680930 0.04706988 0.04490046 
2.44 0.09299078 0.04637095 0.04661983 0.04450426 
2.45 0.09210304 0.04593285 0.04617019 0.04410829 
2.46 0.09121610 0.04549508 0.04572102 0.04371260 
2.47 0.09033009 0.04505770 0.04527239 0.04331725 
2.48 0.08944516 0.04462079 0.04482437 0.04292230 
2.49 0.08856144 0.04418441 0.04437703 0.04252778 
2.50 0.08767906 0.04374862 0.04393043 0.04213377 
2.51 0.08679816 0.04331350 0.04348465 0.04174031 
2.52 0.08591886 0.04287911 0.04303975 0.04134746 
2.53 0.08504131 0.04244552 0.04259579 0.04095526 
2.54 0.08416562 0.04201278 0.04215284 0.04056377 
2.55 0.08329193 0.04158097 0.04171096 0.04017305 
2.56 0.08242036 0.04115014 0.04127022 0.03978313 
2.57 0.08155104 0.04072036 0.04083068 0.03939408 
2.58 0.08068408 0.04029168 0.04039240 0.03900593 
2.59 0.07981962 0.03986418 0.03995544 0.03861875 
2.60 0.07895776 0.03943790 0.03951986 0.03823257 
2.61 0.07809863 0.03901292 0.03908572 0.03784745 
2.62 0.07724235 0.03858927 0.03865308 0.03746343 
2.63 0.07638902 0.03816703 0.03822199 0.03708056 
2.64 0.07553876 0.03774625 0.03779251 0.03669888 
2.65 0.07469168 0.03732698 0.03736470 0.03631844 
2.66 0.07384789 0.03690929 0.03693861 0.03593929 
2.67 0.07300750 0.03649321 0.03651429 0.03556146 
2.68 0.07217061 0.03607881 0.03609180 0.03518500 
2.69 0.07133732 0.03566613 0.03567118 0.03480996 
2.70 0.07050773 0.03525523 0.03525250 0.03443637 
2.71 0.06968195 0.03484616 0.03483579 0.03406427 
2.72 0.06886007 0.03443897 0.03442110 0.03369371 
2.73 0.06804218 0.03403370 0.03400849 0.03332473 
2.74 0.06722839 0.03363040 0.03359799 0.03295735 
2.75 0.06641877 0.03322911 0.03318966 0.03259163 
2.76 0.06561342 0.03282989 0.03278354 0.03222760 
2.77 0.06481243 0.03243277 0.03237966 0.03186529 
2.78 0.06401588 0.03203780 0.03197808 0.03150475 
2.79 0.06322385 0.03164501 0.03157883 0.03114599 
2.80 0.06243642 0.03125446 0.03118196 0.03078907 
2.81 0.06165367 0.03086618 0.03078750 0.03043401 
2.82 0.06087569 0.03048020 0.03039549 0.03008085 
2.83 0.06010253 0.03009657 0.03000596 0.02972961 
2.84 0.05933428 0.02971532 0.02961896 0.02938033 
2.85 0.05857100 0.02933649 0.02923451 0.02903304 
2.86 0.05781276 0.02896011 0.02885265 0.02868777 
2.87 0.05705963 0.02858622 0.02847342 0.02834454 
2.88 0.05631167 0.02821484 0.02809683 0.02800339 
2.89 0.05556894 0.02784601 0.02772293 0.02766433 
2.90 0.05483150 0.02747976 0.02735174 0.02732741 
2.91 0.05409941 0.02711611 0.02698330 0.02699264 
2.92 0.05337272 0.02675511 0.02661761 0.02666004 
2.93 0.05265148 0.02639676 0.02625472 0.02632964 
2.94 0.05193575 0.02604110 0.02589465 0.02600147 
2.95 0.05122557 0.02568815 0.02553742 0.02567554 
2.96 0.05052099 0.02533794 0.02518304 0.02535188 
2.97 0.04982205 0.02499049 0.02483156 0.02503051 
2.98 0.04912880 0.02464582 0.02448297 0.02471145 
2.99 0.04844127 0.02430395 0.02413732 0.02439471 
3.00 0.04775951 0.02396491 0.02379460 0.02408031 
3.01 0.04708354 0.02362870 0.02345484 0.02376828 
3.02 0.04641340 0.02329535 0.02311806 0.02345863 
3.03 0.04574913 0.02296487 0.02278426 0.02315137 
3.04 0.04509075 0.02263728 0.02245347 0.02284651 
3.05 0.04443829 0.02231259 0.02212570 0.02254409 
3.06 0.04379178 0.02199082 0.02180096 0.02224409 
3.07 0.04315123 0.02167197 0.02147926 0.02194655 
3.08 0.04251668 0.02135607 0.02116061 0.02165147 
3.09 0.04188813 0.02104312 0.02084501 0.02135886 
3.10 0.04126562 0.02073313 0.02053249 0.02106874 
3.11 0.04064915 0.02042611 0.02022304 0.02078111 
3.12 0.04003873 0.02012206 0.01991667 0.02049598 
3.13 0.03943439 0.01982100 0.01961339 0.02021335 
3.14 0.03883613 0.01952293 0.01931320 0.01993325 
3.15 0.03824395 0.01922785 0.01901610 0.01965567 
3.16 0.03765787 0.01893578 0.01872210 0.01938062 
3.17 0.03707789 0.01864670 0.01843119 0.01910811 
3.18 0.03650401 0.01836062 0.01814339 0.01883814 
3.19 0.03593624 0.01807756 0.01785869 0.01857071 
3.20 0.03537457 0.01779749 0.01757708 0.01830583 
3.21 0.03481901 0.01752044 0.01729857 0.01804350 
3.22 0.03426954 0.01724639 0.01702315 0.01778373 
3.23 0.03372617 0.01697534 0.01675083 0.01752650 
3.24 0.03318888 0.01670729 0.01648159 0.01727184 
3.25 0.03265767 0.01644224 0.01621544 0.01701972 
3.26 0.03213253 0.01618018 0.01595236 0.01677016 
3.27 0.03161345 0.01592110 0.01569235 0.01652316 
3.28 0.03110042 0.01566501 0.01543540 0.01627871 
3.29 0.03059341 0.01541190 0.01518151 0.01603680 
3.30 0.03009242 0.01516176 0.01493066 0.01579745 
3.31 0.02959743 0.01491457 0.01468286 0.01556063 
3.32 0.02910842 0.01467034 0.01443808 0.01532636 
3.33 0.02862537 0.01442905 0.01419631 0.01509462 
3.34 0.02814825 0.01419070 0.01395755 0.01486541 
3.35 0.02767706 0.01395527 0.01372179 0.01463873 
3.36 0.02721176 0.01372275 0.01348901 0.01441456 
3.37 0.02675233 0.01349313 0.01325919 0.01419290 
3.38 0.02629874 0.01326641 0.01303234 0.01397375 
3.39 0.02585097 0.01304255 0.01280842 0.01375709 
3.40 0.02540899 0.01282156 0.01258743 0.01354293 
3.41 0.02497277 0.01260342 0.01236935 0.01333124 
3.42 0.02454229 0.01238812 0.01215417 0.01312202 
3.43 0.02411750 0.01217564 0.01194186 0.01291527 
3.44 0.02369838 0.01196596 0.01173242 0.01271097 
3.45 0.02328489 0.01175907 0.01152582 0.01250911 
3.46 0.02287701 0.01155495 0.01132206 0.01230968 
3.47 0.02247469 0.01135359 0.01112110 0.01211267 
3.48 0.02207790 0.01115496 0.01092293 0.01191806 
3.49 0.02168661 0.01095906 0.01072754 0.01172586 
3.50 0.02130077 0.01076587 0.01053490 0.01153604 
3.51 0.02092036 0.01057536 0.01034500 0.01134859 
3.52 0.02054532 0.01038751 0.01015781 0.01116349 
3.53 0.02017563 0.01020232 0.00997332 0.01098075 
3.54 0.01981124 0.01001975 0.00979149 0.01080033 
3.55 0.01945212 0.00983979 0.00961233 0.01062224 
3.56 0.01909821 0.00966242 0.00943579 0.01044644 
3.57 0.01874948 0.00948762 0.00926186 0.01027294 
3.58 0.01840589 0.00931537 0.00909052 0.01010171 
3.59 0.01806739 0.00914564 0.00892175 0.00993274 
3.60 0.01773394 0.00897842 0.00875552 0.00976602 
3.61 0.01740550 0.00881369 0.00859181 0.00960152 
3.62 0.01708202 0.00865142 0.00843060 0.00943924 
3.63 0.01676346 0.00849159 0.00827187 0.00927915 
3.64 0.01644977 0.00833418 0.00811559 0.00912124 
3.65 0.01614091 0.00817917 0.00796174 0.00896550 
3.66 0.01583682 0.00802653 0.00781029 0.00881191 
3.67 0.01553748 0.00787625 0.00766123 0.00866044 
3.68 0.01524282 0.00772829 0.00751453 0.00851109 
3.69 0.01495281 0.00758265 0.00737016 0.00836384 
3.70 0.01466739 0.00743928 0.00722810 0.00821866 
3.71 0.01438651 0.00729818 0.00708833 0.00807555 
3.72 0.01411014 0.00715932 0.00695082 0.00793448 
3.73 0.01383822 0.00702267 0.00681555 0.00779544 
3.74 0.01357071 0.00688822 0.00668250 0.00765840 
3.75 0.01330756 0.00675593 0.00655163 0.00752336 
3.76 0.01304871 0.00662578 0.00642293 0.00739029 
3.77 0.01279413 0.00649776 0.00629637 0.00725917 
3.78 0.01254376 0.00637183 0.00617193 0.00712998 
3.79 0.01229756 0.00624798 0.00604957 0.00700272 
3.80 0.01205547 0.00612618 0.00592929 0.00687735 
3.81 0.01181746 0.00600641 0.00581105 0.00675386 
3.82 0.01158346 0.00588864 0.00569482 0.00663223 
3.83 0.01135344 0.00577284 0.00558059 0.00651245 
3.84 0.01112734 0.00565901 0.00546833 0.00639449 
3.85 0.01090512 0.00554710 0.00535801 0.00627834 
3.86 0.01068673 0.00543711 0.00524962 0.00616397 
3.87 0.01047212 0.00532900 0.00514312 0.00605137 
3.88 0.01026124 0.00522275 0.00503849 0.00594051 
3.89 0.01005405 0.00511834 0.00493571 0.00583139 
3.90 0.00985049 0.00501574 0.00483475 0.00572398 
3.91 0.00965053 0.00491494 0.00473559 0.00561826 
3.92 0.00945411 0.00481590 0.00463821 0.00551421 
3.93 0.00926118 0.00471861 0.00454258 0.00541181 
3.94 0.00907171 0.00462304 0.00444867 0.00531106 
3.95 0.00888564 0.00452917 0.00435647 0.00521191 
3.96 0.00870292 0.00443697 0.00426595 0.00511437 
3.97 0.00852351 0.00434643 0.00417709 0.00501840 
3.98 0.00834737 0.00425752 0.00408985 0.00492400 
3.99 0.00817445 0.00417021 0.00400423 0.00483114 
4.00 0.00800469 0.00408449 0.00392020 0.00473979 
4.01 0.00783807 0.00400034 0.00383773 0.00464996 
4.02 0.00767453 0.00391772 0.00375680 0.00456161 
4.03 0.00751402 0.00383663 0.00367740 0.00447472 
4.04 0.00735651 0.00375703 0.00359948 0.00438929 
4.05 0.00720195 0.00367890 0.00352305 0.00430528 
4.06 0.00705029 0.00360223 0.00344806 0.00422269 
4.07 0.00690150 0.00352699 0.00337450 0.00414149 
4.08 0.00675552 0.00345317 0.00330236 0.00406167 
4.09 0.00661232 0.00338073 0.00323159 0.00398321 
4.10 0.00647186 0.00330966 0.00316220 0.00390609 
4.11 0.00633408 0.00323994 0.00309415 0.00383029 
4.12 0.00619896 0.00317154 0.00302742 0.00375579 
4.13 0.00606644 0.00310446 0.00296199 0.00368258 
4.14 0.00593650 0.00303866 0.00289784 0.00361064 
4.15 0.00580908 0.00297412 0.00283495 0.00353996 
4.16 0.00568414 0.00291083 0.00277331 0.00347051 
4.17 0.00556165 0.00284877 0.00271288 0.00340227 
4.18 0.00544157 0.00278792 0.00265365 0.00333524 
4.19 0.00532386 0.00272825 0.00259561 0.00326939 
4.20 0.00520848 0.00266975 0.00253872 0.00320471 
4.21 0.00509538 0.00261241 0.00248298 0.00314118 
4.22 0.00498454 0.00255619 0.00242836 0.00307879 
4.23 0.00487592 0.00250108 0.00237484 0.00301751 
4.24 0.00476947 0.00244707 0.00232240 0.00295733 
4.25 0.00466517 0.00239413 0.00227104 0.00289824 
4.26 0.00456297 0.00234225 0.00222072 0.00284022 
4.27 0.00446284 0.00229141 0.00217143 0.00278325 
4.28 0.00436475 0.00224160 0.00212315 0.00272732 
4.29 0.00426865 0.00219278 0.00207586 0.00267241 
4.30 0.00417452 0.00214496 0.00202956 0.00261851 
4.31 0.00408231 0.00209810 0.00198421 0.00256560 
4.32 0.00399201 0.00205220 0.00193980 0.00251367 
4.33 0.00390356 0.00200724 0.00189633 0.00246269 
4.34 0.00381695 0.00196319 0.00185375 0.00241267 
4.35 0.00373213 0.00192005 0.00181208 0.00236357 
4.36 0.00364908 0.00187780 0.00177128 0.00231539 
4.37 0.00356776 0.00183642 0.00173133 0.00226812 
4.38 0.00348814 0.00179590 0.00169224 0.00222173 
4.39 0.00341019 0.00175622 0.00165397 0.00217622 
4.40 0.00333388 0.00171736 0.00161652 0.00213157 
4.41 0.00325918 0.00167932 0.00157986 0.00208776 
4.42 0.00318606 0.00164207 0.00154399 0.00204479 
4.43 0.00311449 0.00160561 0.00150889 0.00200263 
4.44 0.00304445 0.00156991 0.00147454 0.00196129 
4.45 0.00297590 0.00153496 0.00144093 0.00192073 
4.46 0.00290881 0.00150076 0.00140805 0.00188096 
4.47 0.00284316 0.00146728 0.00137588 0.00184195 
4.48 0.00277892 0.00143451 0.00134441 0.00180369 
4.49 0.00271607 0.00140244 0.00131363 0.00176618 
4.50 0.00265457 0.00137105 0.00128351 0.00172939 
4.51 0.00259440 0.00134034 0.00125406 0.00169333 
4.52 0.00253554 0.00131029 0.00122525 0.00165796 
4.53 0.00247796 0.00128088 0.00119708 0.00162329 
4.54 0.00242163 0.00125211 0.00116952 0.00158930 
4.55 0.00236653 0.00122396 0.00114257 0.00155598 
4.56 0.00231264 0.00119641 0.00111622 0.00152331 
4.57 0.00225993 0.00116947 0.00109046 0.00149130 
4.58 0.00220838 0.00114311 0.00106526 0.00145991 
4.59 0.00215796 0.00111733 0.00104063 0.00142915 
4.60 0.00210866 0.00109211 0.00101655 0.00139900 
4.61 0.00206045 0.00106745 0.00099301 0.00136946 
4.62 0.00201331 0.00104332 0.00096999 0.00134050 
4.63 0.00196721 0.00101972 0.00094749 0.00131213 
4.64 0.00192215 0.00099665 0.00092550 0.00128432 
4.65 0.00187808 0.00097408 0.00090400 0.00125708 
4.66 0.00183500 0.00095201 0.00088299 0.00123039 
4.67 0.00179289 0.00093044 0.00086245 0.00120423 
4.68 0.00175172 0.00090934 0.00084238 0.00117861 
4.69 0.00171147 0.00088871 0.00082277 0.00115350 
4.70 0.00167213 0.00086853 0.00080360 0.00112891 
4.71 0.00163368 0.00084881 0.00078487 0.00110482 
4.72 0.00159610 0.00082953 0.00076657 0.00108122 
4.73 0.00155936 0.00081068 0.00074868 0.00105811 
4.74 0.00152346 0.00079226 0.00073121 0.00103546 
4.75 0.00148838 0.00077424 0.00071413 0.00101329 
4.76 0.00145409 0.00075664 0.00069745 0.00099157 
4.77 0.00142058 0.00073943 0.00068115 0.00097030 
4.78 0.00138784 0.00072260 0.00066523 0.00094947 
4.79 0.00135584 0.00070616 0.00064968 0.00092907 
4.80 0.00132457 0.00069009 0.00063448 0.00090909 
4.81 0.00129403 0.00067438 0.00061964 0.00088953 
4.82 0.00126418 0.00065903 0.00060514 0.00087038 
4.83 0.00123501 0.00064403 0.00059098 0.00085162 
4.84 0.00120652 0.00062937 0.00057715 0.00083326 
4.85 0.00117868 0.00061504 0.00056364 0.00081528 
4.86 0.00115149 0.00060104 0.00055044 0.00079768 
4.87 0.00112492 0.00058736 0.00053756 0.00078045 
4.88 0.00109897 0.00057400 0.00052497 0.00076358 
4.89 0.00107361 0.00056093 0.00051268 0.00074706 
4.90 0.00104885 0.00054817 0.00050067 0.00073089 
4.91 0.00102465 0.00053570 0.00048895 0.00071507 
4.92 0.00100102 0.00052352 0.00047750 0.00069958 
4.93 0.00097794 0.00051161 0.00046632 0.00068442 
4.94 0.00095539 0.00049998 0.00045541 0.00066958 
4.95 0.00093337 0.00048862 0.00044475 0.00065505 
4.96 0.00091186 0.00047752 0.00043434 0.00064083 
4.97 0.00089085 0.00046667 0.00042418 0.00062692 
4.98 0.00087033 0.00045607 0.00041425 0.00061330 
4.99 0.00085029 0.00044572 0.00040457 0.00059997 
5.00 0.00083072 0.00043561 0.00039511 0.00058693 
5.01 0.00081160 0.00042573 0.00038587 0.00057417 
5.02 0.00079293 0.00041608 0.00037685 0.00056168 
5.03 0.00077470 0.00040665 0.00036805 0.00054946 
5.04 0.00075690 0.00039745 0.00035945 0.00053750 
5.05 0.00073951 0.00038845 0.00035106 0.00052580 
5.06 0.00072253 0.00037966 0.00034287 0.00051435 
5.07 0.00070595 0.00037108 0.00033487 0.00050315 
5.08 0.00068975 0.00036269 0.00032706 0.00049218 
5.09 0.00067394 0.00035450 0.00031944 0.00048146 
5.10 0.00065849 0.00034650 0.00031199 0.00047097 
5.11 0.00064341 0.00033869 0.00030473 0.00046070 
5.12 0.00062869 0.00033105 0.00029764 0.00045065 
5.13 0.00061431 0.00032359 0.00029071 0.00044083 
5.14 0.00060026 0.00031631 0.00028395 0.00043121 
5.15 0.00058655 0.00030920 0.00027735 0.00042181 
5.16 0.00057316 0.00030225 0.00027091 0.00041261 
5.17 0.00056008 0.00029546 0.00026462 0.00040361 
5.18 0.00054731 0.00028883 0.00025848 0.00039480 
5.19 0.00053484 0.00028235 0.00025249 0.00038619 
5.20 0.00052266 0.00027602 0.00024664 0.00037776 
5.21 0.00051077 0.00026984 0.00024093 0.00036952 
5.22 0.00049915 0.00026380 0.00023535 0.00036146 
5.23 0.00048781 0.00025791 0.00022991 0.00035357 
5.24 0.00047674 0.00025214 0.00022459 0.00034585 
5.25 0.00046592 0.00024652 0.00021941 0.00033831 
5.26 0.00045536 0.00024102 0.00021434 0.00033093 
5.27 0.00044505 0.00023565 0.00020940 0.00032371 
5.28 0.00043498 0.00023040 0.00020457 0.00031664 
5.29 0.00042514 0.00022528 0.00019986 0.00030974 
5.30 0.00041553 0.00022027 0.00019526 0.00030298 
5.31 0.00040615 0.00021538 0.00019077 0.00029637 
5.32 0.00039699 0.00021060 0.00018638 0.00028991 
5.33 0.00038804 0.00020594 0.00018210 0.00028358 
5.34 0.00037930 0.00020138 0.00017792 0.00027740 
5.35 0.00037076 0.00019692 0.00017384 0.00027135 
5.36 0.00036243 0.00019257 0.00016986 0.00026544 
5.37 0.00035428 0.00018831 0.00016597 0.00025965 
5.38 0.00034633 0.00018416 0.00016217 0.00025399 
5.39 0.00033856 0.00018010 0.00015846 0.00024845 
5.40 0.00033097 0.00017613 0.00015484 0.00024304 
5.41 0.00032356 0.00017226 0.00015131 0.00023775 
5.42 0.00031632 0.00016847 0.00014785 0.00023257 
5.43 0.00030925 0.00016477 0.00014448 0.00022750 
5.44 0.00030234 0.00016115 0.00014119 0.00022255 
5.45 0.00029559 0.00015762 0.00013798 0.00021770 
5.46 0.00028900 0.00015416 0.00013484 0.00021296 
5.47 0.00028256 0.00015079 0.00013177 0.00020833 
5.48 0.00027627 0.00014749 0.00012878 0.00020379 
5.49 0.00027012 0.00014426 0.00012586 0.00019936 
5.50 0.00026411 0.00014111 0.00012300 0.00019502 
5.51 0.00025824 0.00013803 0.00012021 0.00019078 
5.52 0.00025251 0.00013502 0.00011749 0.00018663 
5.53 0.00024691 0.00013208 0.00011483 0.00018257 
5.54 0.00024143 0.00012920 0.00011223 0.00017860 
5.55 0.00023608 0.00012639 0.00010969 0.00017472 
5.56 0.00023085 0.00012364 0.00010721 0.00017092 
5.57 0.00022574 0.00012096 0.00010479 0.00016721 
5.58 0.00022075 0.00011833 0.00010242 0.00016358 
5.59 0.00021587 0.00011576 0.00010011 0.00016002 
5.60 0.00021110 0.00011325 0.00009785 0.00015655 
5.61 0.00020644 0.00011079 0.00009565 0.00015315 
5.62 0.00020189 0.00010839 0.00009349 0.00014982 
5.63 0.00019743 0.00010605 0.00009139 0.00014657 
5.64 0.00019308 0.00010375 0.00008933 0.00014339 
5.65 0.00018883 0.00010151 0.00008732 0.00014027 
5.66 0.00018467 0.00009931 0.00008536 0.00013723 
5.67 0.00018060 0.00009716 0.00008344 0.00013425 
5.68 0.00017663 0.00009507 0.00008156 0.00013134 
5.69 0.00017274 0.00009301 0.00007973 0.00012849 
5.70 0.00016894 0.00009100 0.00007794 0.00012570 
5.71 0.00016523 0.00008904 0.00007619 0.00012297 
5.72 0.00016160 0.00008712 0.00007448 0.00012030 
5.73 0.00015805 0.00008524 0.00007281 0.00011769 
5.74 0.00015457 0.00008340 0.00007117 0.00011514 
5.75 0.00015118 0.00008160 0.00006958 0.00011264 
5.76 0.00014786 0.00007984 0.00006802 0.00011020 
5.77 0.00014461 0.00007812 0.00006649 0.00010781 
5.78 0.00014144 0.00007644 0.00006500 0.00010547 
5.79 0.00013833 0.00007479 0.00006354 0.00010318 
5.80 0.00013529 0.00007318 0.00006212 0.00010094 
5.81 0.00013232 0.00007160 0.00006072 0.00009875 
5.82 0.00012941 0.00007005 0.00005936 0.00009661 
5.83 0.00012657 0.00006854 0.00005803 0.00009451 
5.84 0.00012379 0.00006706 0.00005673 0.00009246 
5.85 0.00012107 0.00006562 0.00005545 0.00009045 
5.86 0.00011841 0.00006420 0.00005421 0.00008849 
5.87 0.00011581 0.00006281 0.00005299 0.00008656 
5.88 0.00011326 0.00006146 0.00005180 0.00008468 
5.89 0.00011077 0.00006013 0.00005064 0.00008284 
5.90 0.00010833 0.00005883 0.00004950 0.00008104 
5.91 0.00010594 0.00005756 0.00004839 0.00007928 
5.92 0.00010361 0.00005631 0.00004730 0.00007756 
5.93 0.00010132 0.00005509 0.00004623 0.00007587 
5.94 0.00009909 0.00005390 0.00004519 0.00007422 
5.95 0.00009690 0.00005273 0.00004417 0.00007260 
5.96 0.00009476 0.00005159 0.00004318 0.00007102 
5.97 0.00009267 0.00005047 0.00004220 0.00006948 
5.98 0.00009062 0.00004937 0.00004125 0.00006796 
5.99 0.00008861 0.00004830 0.00004032 0.00006648 
6.00 0.00008665 0.00004724 0.00003941 0.00006503 
6.01 0.00008473 0.00004621 0.00003851 0.00006361 
6.02 0.00008285 0.00004521 0.00003764 0.00006222 
6.03 0.00008101 0.00004422 0.00003679 0.00006086 
6.04 0.00007921 0.00004325 0.00003595 0.00005953 
6.05 0.00007744 0.00004231 0.00003514 0.00005823 
6.06 0.00007572 0.00004138 0.00003434 0.00005695 
6.07 0.00007403 0.00004047 0.00003355 0.00005571 
6.08 0.00007237 0.00003958 0.00003279 0.00005449 
6.09 0.00007075 0.00003871 0.00003204 0.00005329 
6.10 0.00006917 0.00003786 0.00003131 0.00005212 
6.11 0.00006762 0.00003702 0.00003059 0.00005098 
6.12 0.00006610 0.00003621 0.00002989 0.00004986 
6.13 0.00006461 0.00003540 0.00002921 0.00004876 
6.14 0.00006316 0.00003462 0.00002854 0.00004769 
6.15 0.00006173 0.00003385 0.00002788 0.00004663 
6.16 0.00006034 0.00003310 0.00002724 0.00004561 
6.17 0.00005897 0.00003236 0.00002661 0.00004460 
6.18 0.00005763 0.00003164 0.00002599 0.00004361 
6.19 0.00005632 0.00003093 0.00002539 0.00004265 
6.20 0.00005504 0.00003024 0.00002480 0.00004171 
6.21 0.00005379 0.00002956 0.00002423 0.00004078 
6.22 0.00005256 0.00002890 0.00002366 0.00003988 
6.23 0.00005136 0.00002825 0.00002311 0.00003899 
6.24 0.00005018 0.00002761 0.00002257 0.00003812 
6.25 0.00004903 0.00002698 0.00002204 0.00003728 
6.26 0.00004790 0.00002637 0.00002153 0.00003645 
6.27 0.00004680 0.00002577 0.00002102 0.00003563 
6.28 0.00004571 0.00002519 0.00002053 0.00003484 
6.29 0.00004466 0.00002461 0.00002004 0.00003406 
6.30 0.00004362 0.00002405 0.00001957 0.00003329 
6.31 0.00004260 0.00002350 0.00001911 0.00003255 
6.32 0.00004161 0.00002296 0.00001865 0.00003182 
6.33 0.00004064 0.00002243 0.00001821 0.00003110 
6.34 0.00003969 0.00002191 0.00001778 0.00003040 
6.35 0.00003876 0.00002140 0.00001735 0.00002972 
6.36 0.00003784 0.00002091 0.00001694 0.00002905 
6.37 0.00003695 0.00002042 0.00001653 0.00002839 
6.38 0.00003608 0.00001994 0.00001613 0.00002775 
6.39 0.00003522 0.00001948 0.00001574 0.00002712 
6.40 0.00003438 0.00001902 0.00001536 0.00002650 
6.41 0.00003357 0.00001857 0.00001499 0.00002590 
6.42 0.00003276 0.00001814 0.00001463 0.00002531 
6.43 0.00003198 0.00001771 0.00001427 0.00002473 
6.44 0.00003121 0.00001729 0.00001392 0.00002417 
6.45 0.00003046 0.00001688 0.00001358 0.00002361 
6.46 0.00002972 0.00001647 0.00001325 0.00002307 
6.47 0.00002900 0.00001608 0.00001292 0.00002254 
6.48 0.00002830 0.00001569 0.00001260 0.00002202 
6.49 0.00002761 0.00001532 0.00001229 0.00002152 
6.50 0.00002694 0.00001495 0.00001199 0.00002102 
6.51 0.00002628 0.00001459 0.00001169 0.00002053 
6.52 0.00002563 0.00001423 0.00001140 0.00002006 
6.53 0.00002500 0.00001389 0.00001111 0.00001959 
6.54 0.00002438 0.00001355 0.00001083 0.00001914 
6.55 0.00002378 0.00001321 0.00001056 0.00001869 
6.56 0.00002318 0.00001289 0.00001029 0.00001826 
6.57 0.00002261 0.00001257 0.00001003 0.00001783 
6.58 0.00002204 0.00001226 0.00000978 0.00001741 
6.59 0.00002149 0.00001196 0.00000953 0.00001700 
6.60 0.00002095 0.00001166 0.00000929 0.00001660 
6.61 0.00002042 0.00001137 0.00000905 0.00001621 
6.62 0.00001990 0.00001108 0.00000882 0.00001583 
6.63 0.00001939 0.00001080 0.00000859 0.00001545 
6.64 0.00001890 0.00001053 0.00000837 0.00001509 
6.65 0.00001842 0.00001027 0.00000815 0.00001473 
6.66 0.00001794 0.00001000 0.00000794 0.00001438 
6.67 0.00001748 0.00000975 0.00000773 0.00001404 
6.68 0.00001703 0.00000950 0.00000753 0.00001370 
6.69 0.00001659 0.00000926 0.00000733 0.00001337 
6.70 0.00001616 0.00000902 0.00000714 0.00001305 
6.71 0.00001574 0.00000879 0.00000695 0.00001274 
6.72 0.00001532 0.00000856 0.00000677 0.00001243 
6.73 0.00001492 0.00000833 0.00000659 0.00001213 
6.74 0.00001453 0.00000812 0.00000641 0.00001184 
6.75 0.00001414 0.00000790 0.00000624 0.00001155 
6.76 0.00001377 0.00000770 0.00000607 0.00001127 
6.77 0.00001340 0.00000749 0.00000591 0.00001099 
6.78 0.00001304 0.00000729 0.00000575 0.00001072 
6.79 0.00001269 0.00000710 0.00000559 0.00001046 
6.80 0.00001235 0.00000691 0.00000544 0.00001020 
6.81 0.00001202 0.00000673 0.00000529 0.00000995 
6.82 0.00001169 0.00000655 0.00000515 0.00000971 
6.83 0.00001137 0.00000637 0.00000500 0.00000947 
6.84 0.00001106 0.00000620 0.00000487 0.00000923 
6.85 0.00001076 0.00000603 0.00000473 0.00000900 
6.86 0.00001046 0.00000586 0.00000460 0.00000878 
6.87 0.00001017 0.00000570 0.00000447 0.00000856 
6.88 0.00000989 0.00000555 0.00000435 0.00000835 
6.89 0.00000962 0.00000539 0.00000422 0.00000814 
6.90 0.00000935 0.00000524 0.00000411 0.00000793 
6.91 0.00000909 0.00000510 0.00000399 0.00000773 
6.92 0.00000883 0.00000496 0.00000388 0.00000754 
6.93 0.00000858 0.00000482 0.00000377 0.00000735 
6.94 0.00000834 0.00000468 0.00000366 0.00000716 
6.95 0.00000810 0.00000455 0.00000355 0.00000698 
6.96 0.00000787 0.00000442 0.00000345 0.00000680 
6.97 0.00000765 0.00000430 0.00000335 0.00000663 
6.98 0.00000743 0.00000417 0.00000325 0.00000646 
6.99 0.00000721 0.00000405 0.00000316 0.00000629 
7.00 0.00000700 0.00000394 0.00000307 0.00000613 
7.01 0.00000680 0.00000382 0.00000298 0.00000597 
7.02 0.00000660 0.00000371 0.00000289 0.00000582 
7.03 0.00000641 0.00000361 0.00000280 0.00000567 
7.04 0.00000622 0.00000350 0.00000272 0.00000552 
7.05 0.00000604 0.00000340 0.00000264 0.00000538 
7.06 0.00000586 0.00000330 0.00000256 0.00000524 
7.07 0.00000569 0.00000320 0.00000248 0.00000510 
7.08 0.00000552 0.00000311 0.00000241 0.00000496 
7.09 0.00000535 0.00000301 0.00000234 0.00000483 
7.10 0.00000519 0.00000292 0.00000227 0.00000471 
7.11 0.00000503 0.00000284 0.00000220 0.00000458 
7.12 0.00000488 0.00000275 0.00000213 0.00000446 
7.13 0.00000473 0.00000267 0.00000207 0.00000434 
7.14 0.00000459 0.00000259 0.00000200 0.00000423 
7.15 0.00000445 0.00000251 0.00000194 0.00000411 
7.16 0.00000431 0.00000243 0.00000188 0.00000400 
7.17 0.00000418 0.00000236 0.00000182 0.00000390 
7.18 0.00000405 0.00000229 0.00000177 0.00000379 
7.19 0.00000392 0.00000221 0.00000171 0.00000369 
7.20 0.00000380 0.00000215 0.00000166 0.00000359 
7.21 0.00000368 0.00000208 0.00000160 0.00000349 
7.22 0.00000357 0.00000201 0.00000155 0.00000340 
7.23 0.00000346 0.00000195 0.00000150 0.00000330 
7.24 0.00000335 0.00000189 0.00000146 0.00000321 
7.25 0.00000324 0.00000183 0.00000141 0.00000313 
7.26 0.00000314 0.00000177 0.00000136 0.00000304 
7.27 0.00000304 0.00000172 0.00000132 0.00000296 
7.28 0.00000294 0.00000166 0.00000128 0.00000288 
7.29 0.00000284 0.00000161 0.00000124 0.00000280 
7.30 0.00000275 0.00000156 0.00000120 0.00000272 
7.31 0.00000266 0.00000151 0.00000116 0.00000264 
7.32 0.00000258 0.00000146 0.00000112 0.00000257 
7.33 0.00000249 0.00000141 0.00000108 0.00000250 
7.34 0.00000241 0.00000136 0.00000105 0.00000243 
7.35 0.00000233 0.00000132 0.00000101 0.00000236 
7.36 0.00000225 0.00000128 0.00000098 0.00000229 
7.37 0.00000218 0.00000123 0.00000095 0.00000223 
7.38 0.00000211 0.00000119 0.00000091 0.00000217 
7.39 0.00000204 0.00000115 0.00000088 0.00000210 
7.40 0.00000197 0.00000111 0.00000085 0.00000205 
7.41 0.00000190 0.00000108 0.00000083 0.00000199 
7.42 0.00000184 0.00000104 0.00000080 0.00000193 
7.43 0.00000178 0.00000101 0.00000077 0.00000188 
7.44 0.00000172 0.00000097 0.00000074 0.00000182 
7.45 0.00000166 0.00000094 0.00000072 0.00000177 
7.46 0.00000160 0.00000091 0.00000069 0.00000172 
7.47 0.00000155 0.00000088 0.00000067 0.00000167 
7.48 0.00000149 0.00000085 0.00000065 0.00000162 
7.49 0.00000144 0.00000082 0.00000062 0.00000157 
7.50 0.00000139 0.00000079 0.00000060 0.00000153 
7.51 0.00000134 0.00000076 0.00000058 0.00000148 
7.52 0.00000130 0.00000073 0.00000056 0.00000144 
7.53 0.00000125 0.00000071 0.00000054 0.00000140 
7.54 0.00000121 0.00000068 0.00000052 0.00000136 
7.55 0.00000116 0.00000066 0.00000050 0.00000132 
7.56 0.00000112 0.00000064 0.00000049 0.00000128 
7.57 0.00000108 0.00000061 0.00000047 0.00000124 
7.58 0.00000104 0.00000059 0.00000045 0.00000120 
7.59 0.00000101 0.00000057 0.00000043 0.00000117 
7.60 0.00000097 0.00000055 0.00000042 0.00000113 
7.61 0.00000093 0.00000053 0.00000040 0.00000110 
7.62 0.00000090 0.00000051 0.00000039 0.00000107 
7.63 0.00000087 0.00000049 0.00000037 0.00000104 
7.64 0.00000084 0.00000048 0.00000036 0.00000100 
7.65 0.00000081 0.00000046 0.00000035 0.00000097 
7.66 0.00000078 0.00000044 0.00000034 0.00000094 
7.67 0.00000075 0.00000042 0.00000032 0.00000092 
7.68 0.00000072 0.00000041 0.00000031 0.00000089 
7.69 0.00000069 0.00000039 0.00000030 0.00000086 
7.70 0.00000067 0.00000038 0.00000029 0.00000084 
7.71 0.00000064 0.00000037 0.00000028 0.00000081 
7.72 0.00000062 0.00000035 0.00000027 0.00000079 
7.73 0.00000060 0.00000034 0.00000026 0.00000076 
7.74 0.00000057 0.00000033 0.00000025 0.00000074 
7.75 0.00000055 0.00000031 0.00000024 0.00000072 
7.76 0.00000053 0.00000030 0.00000023 0.00000069 
7.77 0.00000051 0.00000029 0.00000022 0.00000067 
7.78 0.00000049 0.00000028 0.00000021 0.00000065 
7.79 0.00000047 0.00000027 0.00000020 0.00000063 
7.80 0.00000045 0.00000026 0.00000020 0.00000061 
7.81 0.00000044 0.00000025 0.00000019 0.00000059 
7.82 0.00000042 0.00000024 0.00000018 0.00000057 
7.83 0.00000040 0.00000023 0.00000017 0.00000056 
7.84 0.00000039 0.00000022 0.00000017 0.00000054 
7.85 0.00000037 0.00000021 0.00000016 0.00000052 
7.86 0.00000036 0.00000020 0.00000015 0.00000051 
7.87 0.00000034 0.00000020 0.00000015 0.00000049 
7.88 0.00000033 0.00000019 0.00000014 0.00000047 
7.89 0.00000032 0.00000018 0.00000014 0.00000046 
7.90 0.00000030 0.00000017 0.00000013 0.00000045 
7.91 0.00000029 0.00000017 0.00000013 0.00000043 
7.92 0.00000028 0.00000016 0.00000012 0.00000042 
7.93 0.00000027 0.00000015 0.00000012 0.00000040 
7.94 0.00000026 0.00000015 0.00000011 0.00000039 
7.95 0.00000025 0.00000014 0.00000011 0.00000038 
7.96 0.00000024 0.00000014 0.00000010 0.00000037 
7.97 0.00000023 0.00000013 0.00000010 0.00000036 
7.98 0.00000022 0.00000012 0.00000009 0.00000034 
7.99 0.00000021 0.00000012 0.00000009 0.00000033 
8.00 0.00000020 0.00000011 0.00000009 0.00000032 
8.01 0.00000019 0.00000011 0.00000008 0.00000031 
8.02 0.00000018 0.00000011 0.00000008 0.00000030 
8.03 0.00000018 0.00000010 0.00000008 0.00000029 
8.04 0.00000017 0.00000010 0.00000007 0.00000028 
8.05 0.00000016 0.00000009 0.00000007 0.00000027 
8.06 0.00000016 0.00000009 0.00000007 0.00000026 
8.07 0.00000015 0.00000009 0.00000006 0.00000026 
8.08 0.00000014 0.00000008 0.00000006 0.00000025 
8.09 0.00000014 0.00000008 0.00000006 0.00000024 
8.10 0.00000013 0.00000007 0.00000006 0.00000023 
8.11 0.00000013 0.00000007 0.00000005 0.00000022 
8.12 0.00000012 0.00000007 0.00000005 0.00000022 
8.13 0.00000012 0.00000007 0.00000005 0.00000021 
8.14 0.00000011 0.00000006 0.00000005 0.00000020 
8.15 0.00000011 0.00000006 0.00000005 0.00000020 
8.16 0.00000010 0.00000006 0.00000004 0.00000019 
8.17 0.00000010 0.00000006 0.00000004 0.00000018 
8.18 0.00000009 0.00000005 0.00000004 0.00000018 
8.19 0.00000009 0.00000005 0.00000004 0.00000017 
8.20 0.00000008 0.00000005 0.00000004 0.00000017 
8.21 0.00000008 0.00000005 0.00000003 0.00000016 
8.22 0.00000008 0.00000004 0.00000003 0.00000015 
8.23 0.00000007 0.00000004 0.00000003 0.00000015 
8.24 0.00000007 0.00000004 0.00000003 0.00000014 
8.25 0.00000007 0.00000004 0.00000003 0.00000014 
8.26 0.00000006 0.00000004 0.00000003 0.00000014 
8.27 0.00000006 0.00000004 0.00000003 0.00000013 
8.28 0.00000006 0.00000003 0.00000003 0.00000013 
8.29 0.00000006 0.00000003 0.00000002 0.00000012 
8.30 0.00000005 0.00000003 0.00000002 0.00000012 
8.31 0.00000005 0.00000003 0.00000002 0.00000011 
8.32 0.00000005 0.00000003 0.00000002 0.00000011 
8.33 0.00000005 0.00000003 0.00000002 0.00000011 
8.34 0.00000004 0.00000003 0.00000002 0.00000010 
8.35 0.00000004 0.00000002 0.00000002 0.00000010 
8.36 0.00000004 0.00000002 0.00000002 0.00000010 
8.37 0.00000004 0.00000002 0.00000002 0.00000009 
8.38 0.00000004 0.00000002 0.00000002 0.00000009 
8.39 0.00000004 0.00000002 0.00000002 0.00000009 
8.40 0.00000003 0.00000002 0.00000001 0.00000008 
8.41 0.00000003 0.00000002 0.00000001 0.00000008 
8.42 0.00000003 0.00000002 0.00000001 0.00000008 
8.43 0.00000003 0.00000002 0.00000001 0.00000008 
8.44 0.00000003 0.00000002 0.00000001 0.00000007 
8.45 0.00000003 0.00000002 0.00000001 0.00000007 
8.46 0.00000003 0.00000001 0.00000001 0.00000007 
8.47 0.00000002 0.00000001 0.00000001 0.00000007 
8.48 0.00000002 0.00000001 0.00000001 0.00000006 
8.49 0.00000002 0.00000001 0.00000001 0.00000006 
8.50 0.00000002 0.00000001 0.00000001 0.00000006 
8.51 0.00000002 0.00000001 0.00000001 0.00000006 
8.52 0.00000002 0.00000001 0.00000001 0.00000005 
8.53 0.00000002 0.00000001 0.00000001 0.00000005 
8.54 0.00000002 0.00000001 0.00000001 0.00000005 
8.55 0.00000002 0.00000001 0.00000001 0.00000005 
8.56 0.00000002 0.00000001 0.00000001 0.00000005 
8.57 0.00000001 0.00000001 0.00000001 0.00000005 
8.58 0.00000001 0.00000001 0.00000001 0.00000004 
8.59 0.00000001 0.00000001 0.00000001 0.00000004 
8.60 0.00000001 0.00000001 0.00000001 0.00000004 
8.61 0.00000001 0.00000001 0.00000001 0.00000004 
8.62 0.00000001 0.00000001 0.00000000 0.00000004 
8.63 0.00000001 0.00000001 0.00000000 0.00000004 
8.64 0.00000001 0.00000001 0.00000000 0.00000004 
8.65 0.00000001 0.00000001 0.00000000 0.00000003 
8.66 0.00000001 0.00000001 0.00000000 0.00000003 
8.67 0.00000001 0.00000001 0.00000000 0.00000003 
8.68 0.00000001 0.00000000 0.00000000 0.00000003 
8.69 0.00000001 0.00000000 0.00000000 0.00000003 
8.70 0.00000001 0.00000000 0.00000000 0.00000003 
8.71 0.00000001 0.00000000 0.00000000 0.00000003 
8.72 0.00000001 0.00000000 0.00000000 0.00000003 
8.73 0.00000001 0.00000000 0.00000000 0.00000003 
8.74 0.00000001 0.00000000 0.00000000 0.00000002 
8.75 0.00000001 0.00000000 0.00000000 0.00000002 
8.76 0.00000001 0.00000000 0.00000000 0.00000002 
8.77 0.00000001 0.00000000 0.00000000 0.00000002 
8.78 0.00000001 0.00000000 0.00000000 0.00000002 
8.79 0.00000000 0.00000000 0.00000000 0.00000002 
8.80 0.00000000 0.00000000 0.00000000 0.00000002 
8.81 0.00000000 0.00000000 0.00000000 0.00000002 
8.82 0.00000000 0.00000000 0.00000000 0.00000002 
8.83 0.00000000 0.00000000 0.00000000 0.00000002 
8.84 0.00000000 0.00000000 0.00000000 0.00000002 
8.85 0.00000000 0.00000000 0.00000000 0.00000002 
8.86 0.00000000 0.00000000 0.00000000 0.00000002 
8.87 0.00000000 0.00000000 0.00000000 0.00000002 
8.88 0.00000000 0.00000000 0.00000000 0.00000001 
8.89 0.00000000 0.00000000 0.00000000 0.00000001 
8.90 0.00000000 0.00000000 0.00000000 0.00000001 
8.91 0.00000000 0.00000000 0.00000000 0.00000001 
8.92 0.00000000 0.00000000 0.00000000 0.00000001 
8.93 0.00000000 0.00000000 0.00000000 0.00000001 
8.94 0.00000000 0.00000000 0.00000000 0.00000001 
8.95 0.00000000 0.00000000 0.00000000 0.00000001 
8.96 0.00000000 0.00000000 0.00000000 0.00000001 
8.97 0.00000000 0.00000000 0.00000000 0.00000001 
8.98 0.00000000 0.00000000 0.00000000 0.00000001 
8.99 0.00000000 0.00000000 0.00000000 0.00000001 
9.00 0.00000000 0.00000000 0.00000000 0.00000001 
9.01 0.00000000 0.00000000 0.00000000 0.00000001 
9.02 0.00000000 0.00000000 0.00000000 0.00000001 
9.03 0.00000000 0.00000000 0.00000000 0.00000001 
9.04 0.00000000 0.00000000 0.00000000 0.00000001 
9.05 0.00000000 0.00000000 0.00000000 0.00000001 
9.06 0.00000000 0.00000000 0.00000000 0.00000001 
9.07 0.00000000 0.00000000 0.00000000 0.00000001 
9.08 0.00000000 0.00000000 0.00000000 0.00000001 
9.09 0.00000000 0.00000000 0.00000000 0.00000001 
9.10 0.00000000 0.00000000 0.00000000 0.00000001 
9.11 0.00000000 0.00000000 0.00000000 0.00000001 
9.12 0.00000000 0.00000000 0.00000000 0.00000001 
9.13 0.00000000 0.00000000 0.00000000 0.00000001 
9.14 0.00000000 0.00000000 0.00000000 0.00000001 
9.15 0.00000000 0.00000000 0.00000000 0.00000001 
9.16 0.00000000 0.00000000 0.00000000 0.00000001 
9.17 0.00000000 0.00000000 0.00000000 0.00000000 
9.18 0.00000000 0.00000000 0.00000000 0.00000000 
9.19 0.00000000 0.00000000 0.00000000 0.00000000 
9.20 0.00000000 0.00000000 0.00000000 0.00000000 
9.21 0.00000000 0.00000000 0.00000000 0.00000000 
9.22 0.00000000 0.00000000 0.00000000 0.00000000 
9.23 0.00000000 0.00000000 0.00000000 0.00000000 
9.24 0.00000000 0.00000000 0.00000000 0.00000000 
9.25 0.00000000 0.00000000 0.00000000 0.00000000 
9.26 0.00000000 0.00000000 0.00000000 0.00000000 
9.27 0.00000000 0.00000000 0.00000000 0.00000000 
9.28 0.00000000 0.00000000 0.00000000 0.00000000 
9.29 0.00000000 0.00000000 0.00000000 0.00000000 
9.30 0.00000000 0.00000000 0.00000000 0.00000000 
9.31 0.00000000 0.00000000 0.00000000 0.00000000 
9.32 0.00000000 0.00000000 0.00000000 0.00000000 
9.33 0.00000000 0.00000000 0.00000000 0.00000000 
9.34 0.00000000 0.00000000 0.00000000 0.00000000 
9.35 0.00000000 0.00000000 0.00000000 0.00000000 
9.36 0.00000000 0.00000000 0.00000000 0.00000000 
9.37 0.00000000 0.00000000 0.00000000 0.00000000 
9.38 0.00000000 0.00000000 0.00000000 0.00000000 
9.39 0.00000000 0.00000000 0.00000000 0.00000000 
9.40 0.00000000 0.00000000 0.00000000 0.00000000 
9.41 0.00000000 0.00000000 0.00000000 0.00000000 
9.42 0.00000000 0.00000000 0.00000000 0.00000000 
9.43 0.00000000 0.00000000 0.00000000 0.00000000 
9.44 0.00000000 0.00000000 0.00000000 0.00000000 
9.45 0.00000000 0.00000000 0.00000000 0.00000000 
9.46 0.00000000 0.00000000 0.00000000 0.00000000 
9.47 0.00000000 0.00000000 0.00000000 0.00000000 
9.48 0.00000000 0.00000000 0.00000000 0.00000000 
9.49 0.00000000 0.00000000 0.00000000 0.00000000 
9.50 0.00000000 0.00000000 0.00000000 0.00000000 
9.51 0.00000000 0.00000000 0.00000000 0.00000000 
9.52 0.00000000 0.00000000 0.00000000 0.00000000 
9.53 0.00000000 0.00000000 0.00000000 0.00000000 
9.54 0.00000000 0.00000000 0.00000000 0.00000000 
9.55 0.00000000 0.00000000 0.00000000 0.00000000 
9.56 0.00000000 0.00000000 0.00000000 0.00000000 
9.57 0.00000000 0.00000000 0.00000000 0.00000000 
9.58 0.00000000 0.00000000 0.00000000 0.00000000 
9.59 0.00000000 0.00000000 0.00000000 0.00000000 
9.60 0.00000000 0.00000000 0.00000000 0.00000000 
9.61 0.00000000 0.00000000 0.00000000 0.00000000 
9.62 0.00000000 0.00000000 0.00000000 0.00000000 
9.63 0.00000000 0.00000000 0.00000000 0.00000000 
9.64 0.00000000 0.00000000 0.00000000 0.00000000 
9.65 0.00000000 0.00000000 0.00000000 0.00000000 
9.66 0.00000000 0.00000000 0.00000000 0.00000000 
9.67 0.00000000 0.00000000 0.00000000 0.00000000 
9.68 0.00000000 0.00000000 0.00000000 0.00000000 
9.69 0.00000000 0.00000000 0.00000000 0.00000000 
9.70 0.00000000 0.00000000 0.00000000 0.00000000 
9.71 0.00000000 0.00000000 0.00000000 0.00000000 
9.72 0.00000000 0.00000000 0.00000000 0.00000000 
9.73 0.00000000 0.00000000 0.00000000 0.00000000 
9.74 0.00000000 0.00000000 0.00000000 0.00000000 
9.75 0.00000000 0.00000000 0.00000000 0.00000000 
9.76 0.00000000 0.00000000 0.00000000 0.00000000 
9.77 0.00000000 0.00000000 0.00000000 0.00000000 
9.78 0.00000000 0.00000000 0.00000000 0.00000000 
9.79 0.00000000 0.00000000 0.00000000 0.00000000 
9.80 0.00000000 0.00000000 0.00000000 0.00000000 
9.81 0.00000000 0.00000000 0.00000000 0.00000000 
9.82 0.00000000 0.00000000 0.00000000 0.00000000 
9.83 0.00000000 0.00000000 0.00000000 0.00000000 
9.84 0.00000000 0.00000000 0.00000000 0.00000000 
9.85 0.00000000 0.00000000 0.00000000 0.00000000 
9.86 0.00000000 0.00000000 0.00000000 0.00000000 
9.87 0.00000000 0.00000000 0.00000000 0.00000000 
9.88 0.00000000 0.00000000 0.00000000 0.00000000 
9.89 0.00000000 0.00000000 0.00000000 0.00000000 
9.90 0.00000000 0.00000000 0.00000000 0.00000000 
9.91 0.00000000 0.00000000 0.00000000 0.00000000 
9.92 0.00000000 0.00000000 0.00000000 0.00000000 
9.93 0.00000000 0.00000000 0.00000000 0.00000000 
9.94 0.00000000 0.00000000 0.00000000 0.00000000 
9.95 0.00000000 0.00000000 0.00000000 0.00000000 
9.96 0.00000000 0.00000000 0.00000000 0.00000000 
9.97 0.00000000 0.00000000 0.00000000 0.00000000 
9.98 0.00000000 0.00000000 0.00000000 0.00000000 
9.99 0.00000000 0.00000000 0.00000000 0.00000000 
